15 2
97 100 100 98 99 96 99 97 97 96 99 97 98 98 97 
0 12 73 8 100 49 77 70 40 67 32 42 6 90 16
12 0 75 77 68 94 90 30 76 62 88 44 79 84 11
73 75 0 94 84 76 97 19 29 23 7 92 80 43 54
8 77 94 0 29 78 80 62 99 53 12 9 27 94 32
100 68 84 29 0 6 47 75 77 41 53 61 38 14 100
49 94 76 78 6 0 88 14 83 99 45 88 91 55 96
77 90 97 80 47 88 0 81 85 68 44 46 98 7 8
70 30 19 62 75 14 81 0 47 78 59 59 79 32 78
40 76 29 99 77 83 85 47 0 86 24 87 49 80 29
67 62 23 53 41 99 68 78 86 0 67 66 47 79 73
32 88 7 12 53 45 44 59 24 67 0 80 49 41 8
42 44 92 9 61 88 46 59 87 66 80 0 36 69 28
6 79 80 27 38 91 98 79 49 47 49 36 0 68 55
90 84 43 94 14 55 7 32 80 79 41 69 68 0 31
16 11 54 32 100 96 8 78 29 73 8 28 55 31 0
